62403924877755916018857709840783376595155982114317782183535481
288409276
742621618
188344102
848830328
403478099
785515251
9583687
106271877
273290816
553316417
451311655
867954924
941532669
994897254
336837634
35709149
977398556
538016040
941656085
420077497
853965978
129156991
677810156
653330878
398776911
796494150
535423239
127584147
673097954
693601523
710803197
755047659
640240547
462159835
249172864
710401374
291695196
3219761
138878654
763191773
760631513
416634896
810695616
20702502
88248330
984359624
311173226
754573397
964364520
856524262
827666456
130044586
160124151
546060997
332215031
135046669
224809107
832537175
644275721
169534511
169253121
254627325
633597114
629692527
892049632
677351736
450648332
256098140
88013549
611053919
94909415
155536527
862829255
385043307
321605604
556171894
970535260
761755367
193945334
466387075
704368805
548414436
305217016
682010357
886014561
55072648
315356129
302693754
927818163
958941242
883447731
273455217
694813231
160226
562971974
393470776
444066369
912598920
504520383
997494533
886403259
770830303
952752141
505166935
982787820
732791386
689228475
662809665
661451883
618548179
976475692
536453378
326263131
851531342
396301109
997104851
729577501
590731464
37704265
854426513
296713020
101540717
431734827
357545728
105864971
401307048
825014481
376010925
815717109
542712655
26731185
533294212
23440855
715226390
67788683
873199745
83486258
930069811
283747617
435251204
448980067
298161186
511223981
323927996
600077075
453248675
408031819
128185658
399439392
163824808
64733638
815474793
629832647
974445440
650418360
233594198
176698459
490603229
732139853
313080400
170822709
412681300
607443873
762002788
122809346
979771705
597022785
815742640
740288628
434251164
838128907
839445633
677149140
38991736
878021686
747752991
73704391
617228738
455205230
245570707
103424300
864576359
524300064
196391277
862573841
779790535
442004294
891718299
809215690
196968429
763415017
411892126
890745956
95029612
842573706
741201749
839558295
154439193
675892465
181968054
172584020
831331689
676753054
654380764
894651076
769612950
816476807
421965224
866694199
401590645
761839647
853669673
177929740
283111851
613037505
852392728
574919977
478133600
150170523
408219794
924309930
902903618
438059447
193102524
219152366
244569802
179051999
539416044
837753576
977054204
866919842
617918529
389737951
324052687
888527563
980727462
281039947
932442856
443930710
835271282
825725399
661689544
521170910
343555506
449617535
359714560
736540128
985215959
739932567
524294732
491840613
213089450
139745216
214203449
795743658
421004449
408723305
251987383
879490427
410519124
248355467
462661512
203144899
159361331
904483513
762645694
345759824
462402521
589538585
28092373
239950030
942117173
194863756
646017631
9058731
291220927
49121070
230975794
573189105
167977639
36115948
731544412
628633401
876716075
603876961
59581128
663971573
501725249
659435920
13327074
747825624
511393030
180033230
791285005
391167627
686926240
821675864
596277949
592891505
968322083
474777108
130929687
333541280
835370817
340568490
514488081
982403300
621509007
225866029
680189212
295826331
87942316
753394503
52246037
278727472
638494616
618607180
93869077
250991888
785108262
327664088
963226190
276200384
348338240
255914146
323624042
128307459
749936209
407385105
738772711
36726771
21023941
937243907
361542282
656289712
449467500
616603918
18406819
956896738
922081279
239156720
267403456
736636869
814074898
159166750
2721122
746724820
820714949
612814200
261673850
45777344
752227954
764035017
805892973
15520596
254316152
442750405
845293668
254077501
801148205
921050194
14390301
973885855
457523781
419907343
837237839
487291998
963774212
854887104
572598634
548482842
264819625
768769680
647688861
483696688
410056947
532795184
933453769
841887643
839588237
919372972
343237378
869278866
761372942
924302050
720422981
929780109
645427514
204145149
740095031
517612456
822367967
166665741
895081390
797946260
852207570
529944295
641147207
955391454
5076151
497993149
988131264
594453877
615253047
218175202
690349980
862776602
613599168
243049198
582728245
555439389
114529867
2291370
156543065
252795454
218622594
313348551
153665231
120860389
565332263
726106414
653390656
62226518
959110736
74211952
255103965
405789837
582203002
272059227
127675821
823053197
711928751
148916550
441185640
237366445
666608979
703624806
558099362
152831686
629472779
406649239
676611108
169735670
314522003
791817452
417773896
212673694
114110851
60737749
901666524
610625001
551447583
232475445
977798585
830559595
484546443
691724620
549038220
837509935
784600117
445690631
509653481
116111601
351241105
346282614
512008065
307620674
701622741
562137362
504058277
167075776
799795242
853761139
981445135
830496053
988360205
929162129
953667542
113648025
985144946
80229909
115829036
934597041
499239660
821028326
796571443
450403903
471313095
285388698
724936019
136136485
215733148
823344271
459123541
626342260
72350319
430368113
600065146
415949338
383510118
836379581
97065155
68955554
351419155
495123462
877213266
874639582
425708651
514886004
227584756
260695917
495159
797013774
445062219
108417433
578366040
469418990
707592614
60981342
556080263
74561067
374480171
468789095
312323294
110389627
744201782
141906904
685721670
869016781
265212239
484555023
281514798
840361149
684669723
473676133
468783266
829121785
889680312
474442503
974690729
830848928
1195793
974966562
483649728
454580276
685900723
619160131
268460311
263323501
489275599
682164253
17536925
749520925
886803849
353355297
392446994
480231610
14864782
305947211
799777592
5439432
301882010
867640369
745946945
695043802
298298369
244517117
544169268
396052397
300526799
640662364
396906458
365459556
132440446
6327766
886946285
833214965
423492496
871932460
572685509
919798214
524920815
485562433
666425
541839537
361424089
739296818
410453100
98994106
548110489
426206202
246556471
87378383
154022134
464470838
566544995
956699525
395557825
607878540
297962639
745709219
232172895
594430439
303359312
239822938
891051131
110253980
862486591
870214753
776434386
129214282
121491739
640223420
383534191
500401616
390879614
616398762
344406330
749490585
103035915
653066664
579498287
130475408
345449214
417044191
186745638
102498262
659161776
466366484
612923610
595551597
873251078
114723592
515373352
63469764
70810686
33472608
339478586
129240280
672329919
237177141
775902438
931376742
110983521
918419887
508438544
160181977
438621862
325801002
168721705
389365875
935226777
838650815
941410011
582403949
265236325
665120310
609286544
480909434
318401939
491273395
112385848
169049174
103421766
695896312
404630720
717063605
890762843
885052744
299462998
915137166
629511635
187449529
36539916
657811666
375884173
798617668
476931208
267002791
453996284
81582395
326790604
599657231
913084983
940791016
64189601
874788857
740181357
179879387
469269099
754500917
675376650
228047380
919414892
954275471
701637669
233185727
690138204
445370396
935402644
739943680
541956747
571624718
680604647
578602955
450924749
855694286
576056481
145977360
90670750
486474050
729966791
1149428
782420110
551112861
273946221
895200832
649011299
272909590
474588472
959892411
699779539
311433374
989894329
363218418
366921260
185295218
636028642
506172990
353721071
416516186
253658511
422627137
776783914
971931344
849147454
903859279
347769519
829509815
42885150
741147568
480916001
326824498
52442918
375411356
475458283
235806079
634672181
839577693
635698220
49803972
679653844
749746037
594989353
616306410
624712123
819336561
76361302
372856322
436648851
586076113
128036021
563023592
565267506
643456428
272775997
378270285
71889254
118702933
466410997
973080377
928450495
276365451
66702073
326925098
16859635
650034170
654536234
975822282
188063063
48434289
614988299
564822162
337408707
700871369
151366437
286993625
869222071
403937727
108299804
601482908
852992000
734107820
617357758
505228854
421753258
964117942
392218457
542602051
438621827
596075892
590913101
703633032
404963313
902789438
974387371
436786348
179520976
15412239
44260337
925282945
556047947
329183977
868445366
816555238
796879478
27685646
932024701
86673033
677631035
827006684
184987089
77569307
404768403
369851496
816218194
954563231
153250568
70220264
630180376
761048543
256395451
949123754
980203866
167758034
500503125
443503654
881743597
277005742
398532614
503300587
68942575
649895455
773010829
831066920
44882230
913454459
635056483
91582502
153569729
799429831
139799279
655594471
782252600
204864258
798617552
355469197
474780745
937934428
308945205
761010243
912940923
56776315
627347997
924356794
40988784
6727807
487693272
612908368
790276421
217286168
936965001
620782984
132901139
117997921
348158252
963701860
359712962
493181370
202060485
303441801
103345533
202517512
717277045
615089545
143581111
497341812
845467549
217971874
835946282
314909310
153780297
403587540
665261345
819116108
262901877
197115020
350187987
656776639
545794770
937793490
475509392
587896943
571243699
483838614
217685031
123200644
44698465
29550184
907080972
813725233
893113209
54153599
988867294
333565433
780328456
623428531
823289186
195042241
724787059
971231446
56659065
997297866
260267389
334911743
776644092
948328813
605883311
605526267
940379388
415211687
322419671
541082807
483260574
265259095
786336994
571074271
299065008
907923412
566947669
7651822
106345109
488310462
715050779
504755730
727963538
335368403
506132606
40229347
87457070
685959190
249955157
171266031
67825135
546004230
771757432
733381800
100491029
440408202
133004355
458980650
531696061
993234772
474848663
682882572
950830759
220725246
947146653
411474140
839938717
798734463
210035104
509515557
688451941
836634482
329130312
273230522
643773826
411949560
517858454
993600163
117107555
51610589
672139804
189112425
365322018
210942027
532850444
756381105
962451949
923045388
401383612
588139607
733899853
767805729
872537573
61284141
383738746
870549942
5259632549337092916112078120460229532305383
